1.238789062500000000e+02
2.490117187500000000e+02
1.238789062500000000e+02
3.014726562500000000e+02
1.238789062500000000e+02
3.385039062500000000e+02
1.282695312500000000e+02
3.786210937500000000e+02
1.436367187500000000e+02
4.156523437500000000e+02
1.677851562500000000e+02
4.434257812500000000e+02
1.941289062500000000e+02
4.619414062500000000e+02
2.248632812500000000e+02
4.711992187500000000e+02
2.577929687500000000e+02
4.742851562500000000e+02
2.885273437500000000e+02
4.711992187500000000e+02
3.192617187500000000e+02
4.588554687500000000e+02
3.456054687500000000e+02
4.403398437500000000e+02
3.697539062500000000e+02
4.094804687500000000e+02
3.829257812500000000e+02
3.724492187500000000e+02
3.873164062500000000e+02
3.261601562500000000e+02
3.873164062500000000e+02
2.829570312500000000e+02
3.873164062500000000e+02
2.397539062500000000e+02
1.436367187500000000e+02
2.304960937500000000e+02
1.633945312500000000e+02
2.135234375000000000e+02
1.853476562500000000e+02
2.119804687500000000e+02
2.116914062500000000e+02
2.166093750000000000e+02
2.358398437500000000e+02
2.258671875000000000e+02
2.797460937500000000e+02
2.227812500000000000e+02
3.027968750000000000e+02
2.135234375000000000e+02
3.258476562500000000e+02
2.104375000000000000e+02
3.488984375000000000e+02
2.104375000000000000e+02
3.697539062500000000e+02
2.304960937500000000e+02
2.577929687500000000e+02
2.428398437500000000e+02
2.577929687500000000e+02
2.706132812500000000e+02
2.577929687500000000e+02
2.953007812500000000e+02
2.577929687500000000e+02
3.199882812500000000e+02
2.248632812500000000e+02
3.323320312500000000e+02
2.402304687500000000e+02
3.385039062500000000e+02
2.577929687500000000e+02
3.415898437500000000e+02
2.753554687500000000e+02
3.385039062500000000e+02
2.907226562500000000e+02
3.323320312500000000e+02
1.655898437500000000e+02
2.459257812500000000e+02
1.765664062500000000e+02
2.366679687500000000e+02
2.073007812500000000e+02
2.366679687500000000e+02
2.204726562500000000e+02
2.490117187500000000e+02
2.051054687500000000e+02
2.520976562500000000e+02
1.765664062500000000e+02
2.520976562500000000e+02
2.907226562500000000e+02
2.459257812500000000e+02
3.038945312500000000e+02
2.335820312500000000e+02
3.346289062500000000e+02
2.335820312500000000e+02
3.456054687500000000e+02
2.428398437500000000e+02
3.346289062500000000e+02
2.520976562500000000e+02
3.060898437500000000e+02
2.490117187500000000e+02
1.985195312500000000e+02
3.786210937500000000e+02
2.226679687500000000e+02
3.724492187500000000e+02
2.490117187500000000e+02
3.662773437500000000e+02
2.577929687500000000e+02
3.662773437500000000e+02
2.665742187500000000e+02
3.662773437500000000e+02
2.929179687500000000e+02
3.693632812500000000e+02
3.148710937500000000e+02
3.755351562500000000e+02
2.973085937500000000e+02
3.878789062500000000e+02
2.797460937500000000e+02
3.971367187500000000e+02
2.577929687500000000e+02
4.002226562500000000e+02
2.380351562500000000e+02
4.002226562500000000e+02
2.182773437500000000e+02
3.909648437500000000e+02
2.007148437500000000e+02
3.786210937500000000e+02
2.292539062500000000e+02
3.817070312500000000e+02
2.577929687500000000e+02
3.786210937500000000e+02
2.863320312500000000e+02
3.786210937500000000e+02
3.126757812500000000e+02
3.755351562500000000e+02
2.863320312500000000e+02
3.786210937500000000e+02
2.577929687500000000e+02
3.817070312500000000e+02
2.292539062500000000e+02
3.817070312500000000e+02
